Dimension: 100
101.1875972777489500			  0.8523819696646016			  0.6140324106570635			  0.8329111606189154			  1.9241004669331949			  1.1337321085238197			  1.2016968291268655			  0.2056031983397931			  1.1206091494491408			  0.7329630420850246			  0.7713858455153051			  0.8279976805932798			  1.3648182622760705			  0.3787347025971252			  1.1288186284981840			  0.8451796014282662			  0.7679372539445173			  0.6511734366893520			  1.2911465804010134			  1.0019226660969878			  0.9702139347514267			  1.0902127140110478			  1.7867061372722555			  0.8694723349711601			  1.0857875301370281			  0.4858241523483993			  1.4091006195257423			  0.7068391979735710			  0.7434003723258156			  0.8810998870815149			  0.8335215308084353			  0.7384258552812281			  0.8789941099276712			  1.3194067201757866			  0.9998474074526200			  1.1285744804223763			  1.4365367595446639			  0.8669087801751763			  0.6699118015076144			  1.4350108340708640			  0.6331675160985137			  1.9420148319956052			  1.0650349436933499			  0.8216803491317484			  0.9454634235663930			  1.4821314127018037			  0.9894405957213051			  0.8129215369121372			  1.4718771935178685			  0.9803155613879817			  1.3467207861568040			  0.8696859645374920			  1.8292794579912717			  0.9215979491561632			  0.4546037171544541			  0.5692617572557757			  1.2383190404980620			  1.6515091402935882			  1.0655537583544419			  0.6700643940549943			  0.9547410504470961			  1.2070070497756891			  1.4976348155156103			  0.8421277504806666			  0.7026581621753594			  1.1420331431012909			  0.7840510269478439			  1.3448286385692922			  0.2659688100833155			  0.8781090731528672			  1.2459181493575855			  1.4334238715781122			  0.8941312906277659			  0.6116824854274117			  0.3950621051667836			  0.7750480666524247			  0.6788842432935575			  1.3094271675771356			  0.5734122745445113			  1.6562089907528916			  1.5577257606738488			  0.8224127933591723			  1.2349009674367504			  1.2616046632282480			  1.1006195257423628			  0.6512955107272560			  1.2759178441724908			  0.8077028717917417			  0.7364116336558122			  0.3922544022949919			  0.3214514603106784			  0.8099612414929654			  0.5743278298287912			  0.3965880306405835			  1.3719595934934539			  1.2667928098391674			  1.4782555619983520			  1.6741538743247779			  1.7179174169133580			  1.0404980620746482			
  0.8523819696646016			100.8965727713858500			  0.5084994048890652			  0.9840083010345775			  0.9529709768974883			  1.1663869136631366			  1.4742576372569962			  0.9541611987670522			  1.0749534592730492			  1.4507889034699546			  0.3921323282570879			  1.5171666615802484			  0.4882045960875271			  0.6069826349681081			  0.7873775444807276			  0.6944181646168400			  1.1392864772484512			  1.6035340433973204			  0.3356425672170171			  1.0086977752006592			  0.5177770317697683			  1.0446180608539080			  0.9147618030335398			  1.4546647541734061			  1.3693350016785182			  1.1577196569719534			  1.2672811059907834			  0.6357921079134495			  0.9095431379131443			  1.2751243629261149			  1.1807000946073793			  0.3487960448011719			  1.6973784600360118			  1.3407391582995087			  1.5918759727774896			  1.3957029938657795			  1.8215277565843684			  0.4738914151432844			  1.5209204382457959			  0.9065828424939726			  1.5588244270149847			  1.1207312234870450			  1.2418897061067538			  0.9529709768974883			  1.1587878048036133			  0.8247932370983002			  1.5958738975188451			  0.7334208197271646			  0.9116794335764641			  1.1481368449964904			  0.8529313028351695			  1.1127353740043335			  1.1558885464033937			  0.7738883632923369			  1.0291146580401014			  0.7958311716055788			  1.3811151463362530			  1.3220313119907223			  1.0647297585985900			  0.9178746910000916			  0.0834681234168523			  0.9086275826288645			  0.7703787347025971			  1.3313394573809014			  0.5288247322000793			  0.9815057832575457			  0.9467146824549089			  1.3718680379650259			  1.0805383465071565			  1.4615009002960295			  0.5840632343516342			  1.3837397381511887			  1.2477797784356213			  0.7222815637684255			  0.5489059114352854			  0.7864009521774956			  1.1112704855494857			  0.4390392773216956			  1.6624347666859949			  0.9632862331003753			  0.2815942869350261			  0.8377330851161230			  1.5778984954374828			  0.7540818506424146			  1.0474257637256996			  1.3758354441969054			  1.3637195959349344			  1.8318735312967314			  0.8691671498764000			  0.3857539597766045			  1.1971190527054658			  0.7460860011597034			  0.8749351481673635			  0.7131565294351023			  1.0757774590289011			  0.9130527665028840			  0.5141453291421247			  0.8797265541550950			  0.9531540879543443			  0.3346659749137853			
  0.6140324106570635			  0.5084994048890652			100.1542405468916900			  1.5376445814386426			  0.6721701712088382			  0.4969634083071383			  0.9075594347972045			  0.7455671864986114			  1.8746604815820795			  0.6390881069368573			  1.2823267311624500			  1.6936552018799400			  0.5780205694753868			  0.6623737296670431			  0.9089327677236244			  0.8896755882442702			  1.1579638050477614			  0.7223120822779016			  0.9626453444013794			  1.5040131839960935			  1.3931394390697958			  0.3736686300241097			  1.8730735190893277			  1.3656117435224464			  0.1019013031403546			  0.7869502853480637			  1.3013092440565204			  1.1555528427991577			  1.1869563890499588			  1.7394634846034118			  0.7911923581652272			  0.5791497543259988			  0.7439802240058596			  1.4132206183050020			  1.0001525925473800			  0.7975707266457106			  0.3915524765770440			  1.5311441389202551			  0.9165929136020997			  0.9006927701651051			  1.4780114139225442			  0.8615680410168768			  0.9701223792229987			  1.7020783104953154			  1.3209021271401105			  0.6241950743125706			  1.4400769066438794			  0.6375926999725334			  1.1366313669240395			  0.8266853846858119			  1.0696127201147496			  1.0487990966521195			  0.8153630176702169			  1.0648213141270180			  1.2908413953062532			  0.6320993682668539			  0.1979735709707938			  0.8163396099734490			  0.9676503799554430			  1.3356120487075411			  1.0114444410534991			  0.7608569597460860			  0.0622577593310343			  0.4839320047608875			  1.1180761131626331			  1.1553697317423017			  1.1322061830500199			  1.4134647663808098			  0.2361522263252663			  0.7986999114963226			  1.0628070925016022			  0.3978392895290994			  0.7872859889522996			  0.6144596697897276			  0.9434186834315012			  1.1465804010132143			  1.0266121402630695			  1.3845027008880886			  0.4914700766014588			  0.6563310647907956			  1.1129795220801415			  0.6641438032166509			  0.9320963164159062			  0.6976836451307719			  0.2745139927365947			  1.4103823969237341			  0.7389751884517960			  0.7173986022522660			  1.7262184514908292			  1.3537705618457594			  1.1427655873287148			  1.4381847590563677			  1.4957121494186225			  1.6462904751731924			  0.8132572405163732			  0.9370097964415418			  0.8137150181585131			  0.8152409436323129			  1.6219367046113469			  0.4831385235145115			
  0.8329111606189154			  0.9840083010345775			  1.5376445814386426			100.3768425550096200			  0.7213049714651937			  1.0593585009308146			  0.7224036378063296			  0.7712027344584491			  1.1359294412060914			  0.8317209387493515			  1.3444318979461043			  0.7215796380504777			  0.8073976866969818			  0.6720786156804102			  1.4860988189336832			  0.3790398876918851			  1.2981658375804925			  1.4086123233741263			  1.1552781762138737			  0.8843653675954466			  1.0609759819330424			  1.2769554734946746			  1.0591448713644827			  1.1709341715750603			  0.6552323984496598			  1.3960692159794916			  1.8019959105197301			  1.4960783715323345			  1.7777947325052645			  0.8003173924985504			  1.4134037293618580			  0.9821771904660176			  0.2646259956663717			  1.5601367229224525			  0.6123538926358837			  0.9489730521561328			  0.7194433423871578			  1.0208136234626302			  1.7142857142857144			  1.3177282021546066			  0.9252296517838069			  0.6928006836146123			  0.5863826410718100			  0.8693197424237801			  0.6956083864864040			  0.8229316080202642			  1.5588854640339367			  0.6370738853114415			  0.3216650898770104			  1.1785943174535356			  1.6967375713370161			  1.2151554918057803			  1.2708822901089512			  1.0763573107089450			  1.3393963438825647			  1.2648091067232277			  1.2940458388012330			  0.1856440931424909			  0.3144932401501511			  0.9987182226020082			  1.5969420453505050			  1.1395306253242592			  1.7313150425733208			  0.9253212073122348			  0.2323068941312906			  0.4825281533249916			  0.7604297006134220			  0.6342051454206977			  1.3694570757164222			  0.9887997070223089			  1.3066805017242960			  0.9033783989989929			  1.5960264900662251			  0.8793298135319072			  0.9801324503311258			  1.9105807672353281			  0.9102755821405683			  0.9720755638294626			  1.2725913266396069			  1.8289437543870357			  1.5585497604297007			  1.2941068758201850			  0.3452253791924802			  0.5889461958677938			  0.3744010742515336			  1.1880550553910947			  1.3341166417432173			  1.0874965666676839			  0.7768486587115085			  0.4444105349894711			  1.5790276802880947			  0.6254463332010865			  1.0819727164525283			  0.4898220770897550			  1.6829126865443893			  1.8551896725363934			  1.2860499893185218			  1.1637623218482009			  0.8072450941496018			  1.0188299203466902			
  1.9241004669331949			  0.9529709768974883			  0.6721701712088382			  0.7213049714651937			100.1147495956297500			  1.2873622852259894			  0.5736869411297952			  1.2584917752616962			  0.5801568651387066			  0.6562395092623676			  1.5799737540818506			  0.9759208960234382			  0.5401470992156743			  0.3237403485213782			  0.9785760063478500			  1.3169652394177067			  1.6115909298989837			  1.4095889156773582			  0.8805505539109471			  1.1142002624591816			  1.1966612750633259			  0.8493301187170019			  0.9650563066499832			  0.4802392651142918			  1.4356517227698600			  0.6612445448164311			  1.3041474654377880			  0.4582354197820979			  0.8804284798730430			  1.0505996887112032			  1.6740318002868739			  1.2133854182561725			  0.5449079866939299			  1.3837092196417127			  1.2587359233375042			  1.0466933194982757			  0.4885097811822871			  0.5617847224341563			  1.1527451399273660			  1.0122989593188267			  1.5894039735099337			  0.8272041993469039			  0.5685293130283518			  1.4196600238044375			  0.6630756553849910			  1.5316019165623951			  0.1556138798181097			  1.0014343699453718			  0.5833613086336863			  0.8989837336344493			  1.3371379741813409			  1.0290231025116734			  1.5611438337351604			  1.3141575365459151			  1.0700704977568896			  1.1564073610644856			  0.2376171147801141			  1.1670888393810848			  0.9358195745719778			  1.2736899929807428			  0.7488326670125431			  0.7859431745353558			  0.9670705282753991			  1.1517685476241342			  1.4163335062715536			  1.4890285958433791			  1.1169164098025453			  1.1594286935026092			  1.2214423047578356			  1.2868434705648977			  0.7771843623157445			  0.8335520493179114			  0.7191381572923978			  0.2660908841212195			  0.2518387401959288			  0.5843684194463943			  0.5472884304330576			  1.1865901669362469			  1.5913571581163977			  1.3169042023987547			  1.1881771294289987			  1.3220007934812463			  1.6948454237495041			  1.2490005188146611			  1.1378521073030794			  0.0762657551805170			  1.0863673818170720			  1.7087923825800349			  1.1402325510422071			  1.4067812128055666			  1.2707296975615712			  0.1911069063386944			  0.6418652912991729			  1.5848261970885342			  1.0759605700857571			  1.4557023834955900			  1.1235389263588367			  0.3258766441846980			  0.8884853663747063			  0.9465620899075289			
  1.1337321085238197			  1.1663869136631366			  0.4969634083071383			  1.0593585009308146			  1.2873622852259894			101.5978270821253100			  0.3742790002136296			  1.2038331247901852			  1.2466811120944854			  0.1846064638203070			  0.6586809900204474			  1.2198553422650837			  0.9533371990112003			  1.0991241187780387			  0.7912533951841791			  1.7733390301217689			  1.3443098239082003			  0.7933286538285470			  0.9834284493545336			  1.2974944303720206			  1.2264168218024232			  1.5000762962736900			  0.3385723441267129			  0.7527085177159948			  0.6218146305734428			  0.3219702749717704			  1.2102114932706687			  1.6776635029145175			  1.2402722251045259			  0.9395733512375255			  0.7022309030426954			  0.8119754631183813			  1.2345042268135624			  1.4698324533829767			  0.7187719351786859			  0.0735190893276772			  0.8953215124973296			  0.5063020722067934			  0.4684896389660329			  1.1694998016296885			  1.4421826837977232			  0.8722800378429518			  0.8305001983703115			  0.6238593707083346			  1.5657826471755119			  1.1177404095583972			  0.4876247444074832			  0.5022431104464857			  0.8789025543992433			  1.2923062837611012			  1.2339548936429945			  0.6151921140171515			  0.9316690572832422			  1.0240180669576098			  1.3618884853663746			  0.4810327463606677			  0.9473860896633808			  0.4368114261299478			  1.5359050263985106			  0.8300119022186956			  0.9356975005340740			  0.9367351298562578			  1.0587786492507707			  0.9305398724326304			  0.3384807885982848			  1.3982665486617634			  0.9368266853846858			  0.5190893276772363			  0.8655964842677083			  0.7829523606067080			  1.6496780297250282			  0.6145817438276315			  1.6759544663838617			  0.7205725272377697			  1.0320444349497970			  0.9992675557725761			  1.5608996856593524			  1.0842310861537523			  1.1726737266151921			  0.6462599566637165			  1.2855922116763816			  1.0911587878048037			  0.7372051149021882			  0.8761253700369274			  0.7449262977996154			  0.9602038636432997			  0.6211432233649709			  0.5229041413617359			  1.0901516769920958			  1.6568803979613635			  1.3391827143162329			  0.8914456617938780			  1.4822229682302317			  0.7578051087984863			  1.0569475386822107			  0.7865840632343516			  1.6287423322244940			  0.9655751213110753			  0.6718344676046022			  0.3961912900173955			
  1.2016968291268655			  1.4742576372569962			  0.9075594347972045			  0.7224036378063296			  0.5736869411297952			  0.3742790002136296			101.7371135593737500			  0.9497054963835566			  0.7200842310861537			  0.5330057679982910			  0.9371013519699698			  0.7794427320169683			  0.9118320261238441			  1.5697195348979156			  1.0037537766655475			  0.5695059053315836			  0.3279213843195898			  0.4889675588244270			  0.7304605243079928			  0.7079073458052310			  1.0726950895718255			  0.7540818506424146			  1.6127811517685475			  0.5229651783806879			  1.0696737571337016			  0.7295144505142368			  1.1459089938047426			  1.5160985137485885			  0.9893795587023530			  1.0236823633533738			  1.4210028382213813			  0.6975615710928678			  0.8657185583056124			  1.7637562181463058			  0.9265419476912749			  1.3076265755180516			  0.5589159825434126			  1.3327738273262735			  0.9611194189275796			  0.7030854213080233			  0.7196264534440138			  1.6014282662434765			  0.5636158330027161			  0.6916714987640004			  1.4119998779259622			  1.1849726859340191			  1.3675954466383862			  1.0943937498092593			  1.0502334665974913			  0.7567674794763024			  1.2850123599963377			  0.8180181279946287			  0.8071535386211737			  0.9498886074404126			  1.4272896511734365			  0.2186346018860439			  0.1484115115817744			  0.8775597399822992			  1.1680654316843164			  1.0372325815607166			  0.6507461775566881			  1.8043153172399060			  1.7553331095309304			  1.6886806848353526			  0.7593615527817621			  0.9986571855830562			  1.3783074434644611			  0.1858577227088229			  0.6410718100527970			  0.2986541337321085			  1.0958586382641071			  0.4798425244911039			  0.7894833216345714			  0.4214300973540452			  1.5325174718466750			  0.4966277047029023			  0.5381633960997345			  0.5484786523026216			  0.7478865932187873			  1.6533402508621480			  1.1385235145115513			  1.2172612689596241			  0.1869869075594348			  1.1334574419385357			  0.5581835383159887			  1.0507827997680592			  1.1160008545182654			  1.7034821619312113			  0.6564531388286996			  0.3564561906796472			  0.4510330515457625			  0.3516342661824397			  0.8929715872676778			  1.1253395184179205			  1.3860591448713646			  1.5304422132023072			  1.2257148960844753			  0.4625080111087374			  0.7249671926023134			  0.2832422864467299			
  0.2056031983397931			  0.9541611987670522			  0.7455671864986114			  0.7712027344584491			  1.2584917752616962			  1.2038331247901852			  0.9497054963835566			101.5010834070864000			  1.2182683797723319			  0.4996490371410260			  0.5469832453382977			  0.6299630726035341			  1.0194097720267343			  1.3216345713675344			  1.7947630237739189			  1.0676595355082856			  1.0127872554704429			  0.9785454878383739			  0.8858302560502945			  0.8079165013580737			  1.2818079165013581			  0.7848750267036958			  1.0431531723990599			  1.7703482161931210			  0.7415082247383038			  0.8879970702230904			  0.6624652851954710			  0.4957731864375744			  0.6774803918576616			  0.7770622882778405			  1.4111453596606340			  0.9767754142887661			  1.8801232947782831			  1.0049134800256356			  0.6873989074373608			  0.4034852137821589			  1.0309152500991852			  1.1540574358348339			  1.3476363414410841			  1.1073030793176062			  1.4971770378734703			  0.5777153843806269			  1.1073030793176062			  1.4828028199102756			  1.1909848323007903			  0.9482406079287088			  1.5221716971343120			  1.1695608386486405			  0.6487624744407483			  1.1424909207434308			  0.9555955687124240			  1.2748802148503067			  0.9881588183233131			  0.4971770378734703			  0.4384899441511277			  0.9188818018127996			  0.8978240302743614			  0.9642628254036073			  0.8283639027069918			  0.8830530716879788			  1.3166295358134708			  0.1977294228949858			  1.1728263191625721			  1.6435438093203527			  0.9588305307168797			  1.1038239692373426			  0.6851100192266610			  1.5704824976348155			  1.3410138248847927			  0.8848536637470625			  1.2368541520432141			  1.5746940519425032			  0.4672383800775171			  1.1088595233008820			  0.7745292519913327			  0.9826960051271096			  0.8287301248207037			  0.8354747154148992			  0.5663930173650319			  0.9216895046845912			  0.8741721854304636			  1.3302407910397656			  0.6852931302835170			  0.9953917050691243			  0.6068910794396801			  1.3974425489059115			  0.6344187749870296			  0.5322122867519150			  0.4656514175847651			  1.8637958922086244			  1.5217444380016478			  0.1869869075594348			  1.1442609942930388			  1.2435071871089816			  0.6893826105533006			  1.1774346140934477			  0.5074617755668813			  1.1163670766319773			  0.2047486800744652			  0.9364299447614979			
  1.1206091494491408			  1.0749534592730492			  1.8746604815820795			  1.1359294412060914			  0.5801568651387066			  1.2466811120944854			  0.7200842310861537			  1.2182683797723319			101.1705069124423900			  0.3881344035157323			  1.0500503555406353			  0.7481002227851191			  0.6205023346659749			  0.6990569780571917			  0.9641407513657033			  1.5080111087374493			  1.4608600115970336			  1.6456190679647205			  1.7785882137516404			  0.1156651509140294			  1.2952055421613209			  1.2718588824121830			  1.7158726767784662			  1.0787072359385967			  1.2606585894344922			  0.9432966093935972			  1.3003326517532883			  0.7339701528977325			  0.8342844935453353			  1.0529801324503312			  0.8643452253791925			  0.8536027100436414			  0.6409497360148930			  0.7217017120883815			  1.0725119785149695			  1.1974547563097018			  0.4201483199560533			  1.0237739188818018			  0.8692892239143041			  0.7947019867549668			  0.8065736869411297			  0.7694326609088412			  0.7573778496658223			  0.2349620044557024			  1.0820032349620046			  1.3750419629505295			  0.8115482039857174			  0.7503891109958190			  0.5534226508377331			  0.8523514511551257			  1.3357646412549211			  1.3700064088869899			  0.7152623065889462			  0.4485305337687308			  0.5688344981231117			  0.9279152806176946			  0.8502456740012818			  0.9674062318796349			  0.3451643421735282			  1.2056947538682210			  1.2263557847834712			  1.3036591692861721			  1.1168553727835933			  1.9913632618182928			  0.5458235419782098			  1.2214423047578356			  1.2432935575426496			  1.3350932340464490			  0.8019959105197303			  0.9082613605151525			  0.9547410504470961			  1.7839899899288918			  1.2010559404278696			  1.3353068636127812			  0.8959318826868495			  0.8761558885464034			  1.3039033173619801			  0.9557786797692801			  1.6559648426770837			  0.6761070589312418			  1.0457777642139958			  0.7725760673848690			  1.1907101657155064			  1.6322214423047579			  0.7882015442365795			  1.3060701315347758			  1.5442060609759820			  0.5377056184575946			  1.0610675374614704			  1.4935758537553028			  0.7749870296334727			  0.8767357402264473			  1.1499984740745262			  1.0520035401470991			  0.4939115573595386			  0.3359477523117771			  1.1860103152562029			  1.3341776787621693			  0.9194006164738914			  0.7638477736747338			
  0.7329630420850246			  1.4507889034699546			  0.6390881069368573			  0.8317209387493515			  0.6562395092623676			  0.1846064638203070			  0.5330057679982910			  0.4996490371410260			  0.3881344035157323			101.5322733237708700			  0.5981627857295450			  1.0661336100344858			  0.2938322092349010			  1.6314279610583819			  1.6468398083437605			  1.3825189977721488			  1.0840174565874203			  0.9743644520401623			  1.1623279519028291			  1.4898525955992310			  0.1971190527054659			  0.3853267006439406			  0.9913327433088168			  0.6677755058442946			  0.2776879177220984			  0.7113254188665426			  1.8969695120090333			  0.8996551408429212			  1.4063539536729026			  1.2565080721457564			  0.8796655171361431			  1.0345164342173527			  1.2380443739127780			  1.4924771874141667			  1.6722922452467421			  0.4280220954008606			  0.7049165318765831			  1.0750144962920012			  1.3144932401501510			  0.3428754539628285			  0.4398937955870236			  0.6985381633960998			  1.2142399365215004			  0.8904995880001221			  0.5767387920773950			  0.8200628681295206			  1.6013061922055727			  1.7946104312265390			  1.0840174565874203			  0.7831965086825159			  1.7799920651875363			  1.7586596270638142			  1.2880031739249855			  1.3739432966093936			  1.0867030854213080			  0.7178563798944060			  0.7413251136814478			  1.3393658253730889			  0.9589220862453077			  0.7574083681752983			  1.0941190832239753			  0.9005401776177251			  1.0217596972563860			  0.9776604510635700			  1.1224707785271768			  1.7906735435041352			  1.5983458967864008			  1.0881069368572038			  1.5721610156559955			  0.8497878963591419			  1.5502487258522293			  1.0109561449018829			  0.9724112674336986			  0.7077852717673269			  0.8542741172521133			  1.2758262886440628			  1.0774254585406049			  1.5861079744865261			  0.8218939786980803			  1.4866481521042512			  1.0900601214636678			  1.7499923703726310			  0.3672292245246742			  1.6421399578844569			  1.3258766441846981			  0.6425366985076448			  1.2306894131290627			  0.5908383434553056			  0.4724570451979125			  1.2313608203375348			  1.5630970183416242			  1.4027527695547350			  1.1008026367992187			  0.5996276741843928			  0.7781914731284524			  0.9372234260078738			  1.5847956785790582			  0.3122959074678793			  1.0786156804101688			  0.3903622547074800			
  0.7713858455153051			  0.3921323282570879			  1.2823267311624500			  1.3444318979461043			  1.5799737540818506			  0.6586809900204474			  0.9371013519699698			  0.5469832453382977			  1.0500503555406353			  0.5981627857295450			101.9968260750145000			  1.3293557542649617			  1.1189001129184850			  0.7470931119724112			  1.5283974730674155			  1.0653706472975859			  1.0522782067323830			  1.3909726248970000			  1.4297921689504685			  1.1829889828180791			  1.5942869350260933			  1.2393261513107701			  1.0301522873622853			  0.4885097811822871			  0.6195562608722189			  0.5947141941587573			  1.2074343089083528			  0.9383526108584857			  1.4433423871578113			  1.5472579119235816			  1.4303109836115604			  0.6388134403515732			  0.4460585345011749			  1.2256538590655233			  1.6297189245277259			  1.3564867091891233			  1.1688589129306926			  0.6361278115176855			  1.3068025757621997			  1.3186437574388867			  1.5356608783227026			  1.1208532975249488			  1.7838373973815118			  0.5867793816949980			  1.3587450788903470			  0.9660023804437391			  1.0032349620044556			  0.7831659901730400			  0.7838068788720359			  1.1923276467177342			  0.7825251014740440			  1.4522232734153264			  0.8304696798608355			  1.0579546494949186			  0.9298074282052065			  0.8380382702108828			  1.6849269081698051			  0.3057039094210639			  1.1274147770622882			  1.3592333750419630			  0.9006622516556292			  0.6857203894161810			  0.9890133365886410			  1.5619678334910123			  0.1639759514145329			  1.7844782860805077			  1.1970885341959900			  0.8330637531662954			  0.7796563615833003			  0.6920377208777123			  1.1264076662495803			  0.6542558061464279			  0.5340128788109988			  0.5383159886471145			  0.8604693746757408			  1.6780297250282297			  0.0909756767479476			  0.4298532059694205			  1.0064394054994354			  1.4077883236182744			  1.5777764213995789			  0.8177739799188208			  1.2152470473342083			  0.7623218482009339			  0.5159154026917325			  0.8291573839533677			  0.8131962034974212			  0.3063142796105838			  0.7548448133793145			  0.5923947874385815			  1.4509414960173346			  1.4284798730430006			  1.5629749443037202			  1.0878933072908721			  1.1762749107333597			  1.2474745933408613			  0.5337687307351908			  0.5551927243873409			  0.8372142704550309			  1.5284585100863675			
  0.8279976805932798			  1.5171666615802484			  1.6936552018799400			  0.7215796380504777			  0.9759208960234382			  1.2198553422650837			  0.7794427320169683			  0.6299630726035341			  0.7481002227851191			  1.0661336100344858			  1.3293557542649617			101.5218970305490300			  0.6597796563615833			  0.6704000976592304			  0.3555406353953673			  1.4817957090975677			  0.2584612567522202			  0.7537461470381787			  1.0973845637379069			  0.9286477248451186			  1.1976073488570818			  0.0472121341593677			  0.9358500930814540			  0.9968260750144963			  0.7187108981597339			  0.9709158604693746			  0.9822687459944456			  0.8956572161015656			  1.1980040894802699			  1.1191137424848170			  0.2466200750755333			  0.5285500656147953			  0.9133884701071200			  1.0838038270210884			  1.7928708761864072			  1.1535386211737420			  1.6888332773827326			  1.6473281044953763			  0.7857600634784997			  0.3654896694845424			  0.5714896084475234			  0.8750877407147435			  0.8380687887203588			  1.1825617236854153			  1.1988586077455978			  1.1401409955137791			  0.5610522782067324			  1.5166173284096804			  1.0109866634113589			  1.6106143375957518			  0.7278359324930570			  0.8102969450972014			  0.9651173436689352			  0.2312692648091067			  0.9533982360301523			  0.1211890011291849			  0.9083834345530564			  1.7305520798364209			  1.2987456892605365			  1.4343699453718681			  1.2647785882137517			  0.6840113528855252			  0.7051911984618671			  0.4844813379314554			  1.1932126834925381			  0.1659596545304727			  0.6647846919156468			  0.8697470015564439			  0.8721274452955719			  1.0200506607257300			  1.0335703604235968			  0.7371745963927121			  1.0676290169988099			  1.2802514725180822			  0.3932920316171759			  0.8219244972075565			  0.6407971434675130			  0.7734305856501968			  0.8686788537247842			  1.1211890011291850			  1.1508835108493300			  1.4352855006561480			  0.8055055391094699			  1.9842524491103855			  1.2105166783654286			  0.3694570757164221			  1.2168950468459121			  0.8994720297860652			  0.7488937040314950			  1.1831415753654593			  0.4025696584978790			  0.7604297006134221			  0.8395031586657308			  1.6284981841486861			  0.6492507705923643			  0.8911709952085940			  1.2487258522293772			  1.0823389385662403			  1.4162724692526016			  0.6127201147495957			
  1.3648182622760705			  0.4882045960875271			  0.5780205694753868			  0.8073976866969818			  0.5401470992156743			  0.9533371990112003			  0.9118320261238441			  1.0194097720267343			  0.6205023346659749			  0.2938322092349010			  1.1189001129184850			  0.6597796563615833			101.9707632679220000			  0.7955565050202949			  1.6910611285744803			  0.6414075136570330			  0.6935941648609882			  0.8275704214606159			  1.5108493301187171			  0.8142643513290810			  1.2836085085604418			  1.0054628131962036			  0.9869380779442732			  1.6843470564897611			  1.0955534531693472			  0.9111911374248483			  1.5196691793572801			  1.1422772911770989			  0.7833796197393719			  0.9008148442030092			  0.7025971251564074			  0.9828485976744896			  0.3663747062593463			  1.0313425092318491			  1.1671498764000365			  0.4972685934018983			  1.0784325693533128			  0.6379894405957214			  1.4756614886928923			  0.9181493575853755			  0.6565446943571276			  1.5931577501754814			  0.9694509720145268			  1.0000610370189520			  1.2255012665181433			  0.7780999176000245			  0.9789422284615620			  0.5155186620685446			  1.4339732047486802			  0.7991271706289864			  1.3001495406964323			  0.9487289040803247			  0.9992065187536241			  0.4786828211310160			  0.3463545640430921			  1.1672109134189887			  1.3161107211523788			  1.1534165471358380			  0.8786889248329112			  1.3538926358836636			  0.2866603595080416			  1.3100070192571796			  0.7237464522232735			  0.9797357097079378			  1.0270393993957336			  1.5902279732657858			  0.3835871456038087			  1.0988189336832790			  1.6069521164586322			  1.6963103122043519			  0.9444868312631611			  0.7469100009155553			  0.4793847468489639			  0.2280037842951750			  1.1908322397534103			  0.7246925260170294			  1.7555162205877866			  0.9825434125797297			  1.3303628650776695			  0.5472884304330576			  0.9814447462385938			  1.7485274819177832			  0.2369457075716422			  0.8406628620258186			  0.5738395336771752			  1.1255226294747764			  1.6173284096804712			  0.9669179357280191			  0.5691396832178717			  1.4002807702871793			  1.0075380718405713			  0.1589709158604694			  0.8441419721060823			  1.0104373302407910			  1.0063478499710075			  0.9468062379833370			  0.4631183812982574			  0.6278572954496903			  1.6504409924619283			  1.1552476577043977			
  0.3787347025971252			  0.6069826349681081			  0.6623737296670431			  0.6720786156804102			  0.3237403485213782			  1.0991241187780387			  1.5697195348979156			  1.3216345713675344			  0.6990569780571917			  1.6314279610583819			  0.7470931119724112			  0.6704000976592304			  0.7955565050202949			100.2075258644367800			  0.5830256050294504			  0.5462202826013978			  1.6307260353404338			  1.1665700247199928			  1.3192846461378827			  1.5452742088076419			  1.3391521958067569			  1.1370586260567035			  1.8132267220068972			  0.8699301126132999			  1.2833948789941099			  0.8294625690481277			  0.7864314706869716			  1.7079989013336587			  1.5419171727652823			  1.6970427564317760			  0.4660786767174291			  1.4338511307107762			  0.9300515762810144			  0.9976500747703482			  1.0249031037324137			  1.4133121738334300			  0.2108829004791406			  1.2871486556596576			  0.7262794885097812			  0.6931669057283243			  0.6513565477462080			  0.8753318887905515			  0.1807306131168554			  0.3568834498123111			  0.5803094576860867			  1.2765282143620107			  0.6201361125522630			  0.8273567918942838			  1.1052583391827144			  1.1850032044434951			  0.5953856013672292			  0.8982207708975494			  1.6430860316782128			  1.0075685903500473			  1.0044251838740197			  1.7752616962187566			  1.4215216528824732			  1.4836878566850795			  0.8564714499343852			  0.9081392864772484			  1.6080507827997681			  1.4248176519058808			  0.6791589098788415			  0.8952299569689016			  1.2211981566820276			  1.1043733024079103			  0.9737540818506425			  0.2413403729361858			  1.4821619312112797			  1.3289590136417737			  0.6262703329569385			  0.2504654072695089			  0.7612842188787500			  1.7226172673726614			  1.6795861690115055			  0.8344370860927153			  0.7772759178441725			  1.2555009613330483			  1.3727530747398298			  1.5189367351298562			  1.2040772728659932			  0.5475325785088656			  0.8549150059511093			  1.4280831324198127			  1.3423871578112125			  0.9790337839899899			  1.4787743766594441			  1.5285805841242714			  1.0118717001861630			  1.1387981810968353			  1.0802331614123966			  0.9150669881282998			  1.3204138309884945			  0.6418347727896969			  1.1512497329630420			  0.4176152836695456			  0.4663228247932371			  0.8473464156010621			  1.3108920560319834			  0.3127842036194952			
  1.1288186284981840			  0.7873775444807276			  0.9089327677236244			  1.4860988189336832			  0.9785760063478500			  0.7912533951841791			  1.0037537766655475			  1.7947630237739189			  0.9641407513657033			  1.6468398083437605			  1.5283974730674155			  0.3555406353953673			  1.6910611285744803			  0.5830256050294504			100.0756859035004700			  1.4745017853328044			  1.0448622089297159			  1.3480330820642719			  0.3845332193975646			  1.1916257209997863			  0.9741813409833064			  0.9854426709799493			  1.6350901821955015			  0.5197302163762322			  1.4002197332682274			  1.2301705984679707			  1.8870204779198585			  1.2550126651814326			  0.4099856563005463			  1.0542313913388470			  0.0664693136387219			  1.1409039582506790			  0.3886226996673483			  0.3945432905056917			  1.4082155827509384			  0.6674398022400586			  1.2476271858882413			  1.5936765648365734			  0.7586291085543383			  1.2860499893185218			  1.4048280281991028			  0.5839411603137303			  1.6470229194006165			  1.3217566454054386			  0.6728110599078341			  0.3482161931211280			  1.5300759910885953			  0.3639942625202185			  1.7117526779992067			  0.6860866115298928			  1.1167943357646413			  0.4170354319895016			  0.2025513473921934			  1.8188116092410047			  1.1797845393230995			  0.5916928617206335			  1.3977172154911954			  0.8628192999053926			  0.7587511825922422			  0.6188543351542710			  0.2045045319986572			  0.7041230506302072			  1.1633045442060610			  0.9670094912564471			  1.4584185308389539			  1.3039338358714561			  1.6803796502578814			  0.8442640461439863			  0.5415814691610462			  0.9672841578417309			  0.3932309945982238			  0.8663594470046083			  1.0038758507034515			  1.6060670796838283			  1.0183111056855982			  0.6721701712088382			  1.3415021210364086			  0.5269631031220435			  1.1651661732840968			  0.2673726615192114			  0.5905026398510697			  0.7766350291451766			  0.9271523178807948			  1.3783074434644611			  0.8911099581896420			  0.5740226447340312			  1.2083193456831567			  0.5964842677083652			  1.6783043916135136			  0.8627582628864406			  1.6924039429914244			  0.5955076754051332			  0.6563005462813196			  1.5128940702536089			  0.8614459669789727			  1.2016663106173895			  0.2124393444624165			  1.2051149021881771			  0.9687490462965789			  0.5988341929380169			
  0.8451796014282662			  0.6944181646168400			  0.8896755882442702			  0.3790398876918851			  1.3169652394177067			  1.7733390301217689			  0.5695059053315836			  1.0676595355082856			  1.5080111087374493			  1.3825189977721488			  1.0653706472975859			  1.4817957090975677			  0.6414075136570330			  0.5462202826013978			  1.4745017853328044			100.5465865047151100			  0.6193731498153630			  1.5794854579302346			  0.6938383129367962			  0.9285561693166906			  0.3548692281868954			  1.2179326761680960			  0.6553544724875637			  1.4553056428724020			  1.1367229224524675			  1.6482741782891324			  0.8594317453535569			  0.6391491439558092			  0.6835230567339091			  1.4703512680440687			  1.1140781884212776			  1.5858027893917661			  1.0440687276833400			  1.1221350749229408			  0.8849452192754905			  1.0680867946409498			  0.9990844447157201			  0.7986083559678945			  1.1632435071871090			  1.0481887264625995			  1.1214636677144689			  1.3964354380932036			  1.2573015533921323			  1.4273506881923888			  1.1509445478682823			  0.5147862178411207			  1.4143498031556139			  1.3057954649494918			  0.8394726401562548			  1.0447706534012879			  1.6784875026703696			  0.5339518417920469			  0.9232459486678670			  1.3769951475569933			  0.8911709952085940			  1.8352305673390910			  1.3787041840876491			  1.7605822931608022			  1.2410351878414259			  1.2828455458235419			  0.6168095950193793			  1.8430433057649465			  1.2680135502182073			  1.4113895077364420			  0.7744071779534287			  0.9233985412152470			  0.7293008209479049			  0.7441633350627155			  1.7562791833246865			  0.9494613483077486			  1.2328867458113346			  1.0180059205908383			  1.1861018707846309			  0.7903073213904234			  1.0447096163823359			  0.8863490707113864			  0.9219031342509232			  0.8155766472365490			  0.9759819330423902			  1.3824884792626728			  0.2917874691000091			  1.3124790185247353			  0.7568895535142064			  0.9233985412152470			  0.7069307535019990			  0.7721182897427290			  0.8027893917661062			  1.1361735892818996			  0.8077639088106937			  0.5762504959257790			  0.7792901394695884			  1.2877590258491773			  0.7994323557237464			  1.1153599658192694			  0.8724021118808558			  1.5995666371654409			  1.1331217383342997			  1.8700216681417281			  1.1700491348002564			  1.2279122287667470			
  0.7679372539445173			  1.1392864772484512			  1.1579638050477614			  1.2981658375804925			  1.6115909298989837			  1.3443098239082003			  0.3279213843195898			  1.0127872554704429			  1.4608600115970336			  1.0840174565874203			  1.0522782067323830			  0.2584612567522202			  0.6935941648609882			  1.6307260353404338			  1.0448622089297159			  0.6193731498153630			101.8928189947203000			  1.5631580553605762			  0.3661000396740624			  1.3751029999694815			  1.3834345530564289			  1.2811975463118381			  1.5033417767876216			  0.3834955900753807			  0.2084109012115848			  1.2024903103732414			  1.4066286202581866			  1.0987578966643268			  0.7007660145878476			  1.1714224677266762			  0.8859828485976744			  1.5044709616382335			  1.3073213904232917			  1.1128574480422375			  0.2758873256630146			  1.2452162236396376			  0.8206732383190405			  0.4607989745780816			  0.7739799188207648			  0.7356486709189123			  1.6760460219122897			  0.3939634388256477			  0.3594164860988189			  1.5301370281075473			  0.4680928983428450			  0.4090395825067904			  0.6978972746971038			  1.7325968199713127			  1.3453169347209082			  1.2633442182683798			  0.9392376476332895			  0.7293923764763328			  0.4373912778099918			  0.8174687948240609			  0.8134403515732291			  1.0253303628650776			  0.9719534897915586			  0.8101443525498214			  0.9322794274727623			  0.4642475661488693			  0.2370372631000702			  1.0954008606219672			  0.7020477919858394			  0.6162297433393353			  1.0458388012329478			  0.3742179631946776			  0.7536851100192268			  0.6113773003326517			  0.8590044862208929			  0.9515671254615925			  1.2970976897488327			  1.2026734214300974			  1.2220831934568315			  1.5499130222479933			  0.3050630207220679			  1.3381450849940490			  0.6731772820215460			  0.7106540116580706			  0.9341715750602740			  1.0245368816187017			  0.7778862880336924			  0.8149357585375531			  1.0876491592150639			  0.7627185888241218			  1.4472182378612630			  1.2544938505203405			  0.5273293252357555			  1.3371074556718650			  1.1948606830042421			  1.7844172490615557			  1.4408093508713034			  0.2392345957823420			  0.4907071138645589			  0.5886104922635578			  0.8695333719901119			  0.5083468123416852			  0.8656575212866604			  1.0896633808404796			  0.9050569170201727			  1.2679830317087313			
