209.636564880045	85.9048277074685	89.0497651720213	99.5981681289154	87.0824972990589	96.7147400855206	88.5979480180861	93.4742690024777	95.0537019700393	100.993524461435	99.9515216938067	91.4000991841324	97.1876886813750	99.2186099327104	105.773935945979	97.5237292620776	90.5699200776843	95.5250740739356	98.8056728093772	98.5941445039394	92.9020903316285	89.6164922268856	97.5847485751559	102.500901899254	87.4743969140936	95.6006880931933	88.8712401942414	91.4839515593877	92.6124935978727	95.5144206221588	90.4940994661944	93.6532076950554	82.7286535278573	95.7257916723034	95.2198869583616	90.9818174217633	96.1290576156275	98.2020336054599	96.2016935706367	87.5865388945903	99.2098560987832	95.3997464806060	94.1263744148364	89.9363706067656	93.8885741041953	99.5972659047527	91.6450665698625	96.5476572386847	92.0869087361877	97.0556768253195	86.6275673601800	105.282280528381	98.6228475926552	101.235918776814	85.4909120535582	101.261083590417	94.3237186320741	93.9878133250800	92.0115470643518	94.5421191406822	85.8311680549172	92.3072836966531	92.5437455776908	91.7007144821201	93.6961276694374	99.0304596063634	90.9153779805582	96.5607332045200	94.0594242791746	91.5711905750033	96.9755254994253	96.8678815152299	94.3566925985229	91.0890689001809	104.597689988134	86.0548505652442	94.3499356724097	96.2670802349031	98.3873080739712	95.8607031403809	90.9189738021333	89.0921212227198	90.2437163560615	92.2920548586161	96.8436634269695	94.7303716915455	94.7168172153028	88.4442478917074	100.706745060415	94.8403818364983	99.8827645662521	95.1249023833695	93.3218166145792	95.2183536833205	93.7364293597934	98.1730764964893	96.6309344927058	98.3876206886604	98.1427620877408	94.6113036087698
85.9048277074685	205.614680297879	90.5039689645119	87.7992864483332	81.9366740634370	96.3815110449350	82.6596764369564	91.3414821149825	90.3248477440074	96.3813077296087	96.3705190505339	88.3928264452668	87.5320330122928	95.5318328553136	98.6472835988500	91.8127875151999	92.4009817923399	92.7152789805141	99.5581985588204	94.0183087110038	94.4075684362218	90.4992207012402	96.6840246337152	95.0638941522630	80.7900753182514	97.5027736226095	87.6911508854092	90.0809704134058	92.8397446205231	92.4431474378749	87.5941533441140	94.2864242063074	82.3526144691883	92.4188401181956	93.3589964543278	83.1138598365963	93.1307077257943	95.8144963642160	94.6589205206868	88.1157933356105	95.2982500762290	96.0452293292459	87.4609832976755	89.3955136992029	91.1341369838953	92.2570426355510	89.4039769538483	96.6250172589687	87.1589439295133	93.2213240427769	87.6321746189899	95.6382760814334	99.3683209705325	100.853287477588	83.0721485349842	97.7400829218894	89.2860425090015	94.4410753240265	89.3423945901754	90.2714974686146	84.0142239713865	85.9069964355644	93.6605633695605	86.9619434162390	88.6352528854933	98.8070499973575	85.4398554222096	95.6857930884804	93.4908308341407	89.2663367474122	96.4029119032138	94.4267771643492	92.6023366744038	87.9660694669987	99.0850981612472	85.0827881994428	88.5419268445803	93.6869344243131	94.5029351414202	93.6244885160600	85.9272326087386	89.3380754266613	86.4680065607363	91.8715156131458	94.1631785059599	93.9637075359617	89.7167369997936	85.1420260815235	94.7503968244782	95.7915190341702	95.2113647596787	92.6577684540792	88.5245286567664	95.0450053672781	88.9487214184833	98.2792498937405	90.4100331635293	95.6748949169600	97.8543032039518	92.6267991022236
89.0497651720213	90.5039689645119	213.884799310726	104.420875928136	94.3746297252206	100.998411927140	92.3570048015032	95.6733638193188	96.4259326062460	102.524465827196	101.621759213186	93.6341682831962	96.4665082086759	99.7880431600406	109.871838546938	94.9240322131102	95.7271321190066	102.011484561194	104.922671954677	101.654344068246	99.9139174058856	96.2883367156210	97.2976618957059	100.588567379182	88.0760131055171	103.823773136337	91.6937077643213	97.5238192408380	96.5052354253024	97.3213642738697	95.2311222393230	99.1668763256311	86.7586213774372	99.1798452560276	98.1862441767171	90.3581600751275	100.406237680273	101.969729976946	95.7542098572526	91.6584208714536	101.673999250640	96.7223468081375	93.9142009734548	94.4023219533118	101.821134550206	96.9884462889318	92.4076014160000	100.312019402168	88.1642881730660	99.1945535612754	95.1076884280755	101.136195199180	102.382887458654	105.540634143658	90.6090758680230	104.766306914434	97.3121400244444	99.7066458633458	96.6574993358321	95.8357796899667	89.1074570171883	98.1502837581913	101.315972232693	95.1520667613005	94.6820801059340	103.086184759227	93.8103809026940	101.855850293287	99.9118614653358	92.7162526033381	104.023637623693	98.9307236866402	98.1460260221883	94.0937712699460	106.145264715838	91.0640969332743	98.7894308445008	95.4434849184160	103.221232169717	99.9984685113328	90.7524146624742	95.2155042133992	94.4420505329362	95.5251211745106	100.474168610057	99.2039696614808	97.0060689235707	94.3043780466212	98.7218121435189	97.4397480837313	99.7626320109166	104.632480099827	91.9390501696393	97.7360062133604	96.7696616824914	100.515194661390	97.3270896086758	103.793903103276	100.406393964297	99.3197435673596
99.5981681289154	87.7992864483332	104.420875928136	222.993382753691	97.9191690461939	106.149447256005	95.1571896791598	102.134520205792	101.211483007342	108.147950836256	102.468241893925	103.573126643956	103.729769616952	104.190399844360	116.745239408298	99.7186556715777	97.5563493246485	107.967225560951	105.926729398987	107.313295993597	102.276124065288	99.0500289679187	103.071473876097	106.029985717523	93.2463310248699	103.166068122066	92.4562160056392	101.309969820039	101.587509709029	103.020225370752	100.417151620915	103.687273560932	89.6544684576247	105.159949320711	102.486344021195	95.7383484661843	104.143048852125	104.041392012975	100.750072286270	94.9333302771605	108.711019257096	100.394305726858	97.6207708134384	97.1746999491285	106.673080184729	103.806192089441	97.9973687347469	105.113034781006	95.2911763179851	102.443270623965	95.1622083782217	107.779166109199	105.008910651426	111.574541025130	93.1160323344018	109.327762655694	105.847603134431	103.912031635898	98.3418355958307	103.110700927652	92.6421927823680	101.333201017054	102.499586720899	97.7194348710335	97.8309984853884	110.520207374137	97.5372677628871	105.452554699690	101.614823744581	96.5537152776724	106.023983949561	101.738740541684	100.940021519859	101.732226685475	113.599333863109	94.1071673645625	101.466838887765	101.449991162365	104.401790429129	103.104065543559	97.7947342435956	97.3465546050454	96.3033802011712	100.336928816042	106.504117603372	102.661044472043	105.820221625576	100.501072027985	106.249916463048	101.703344365737	102.682829455019	104.767197086397	99.8623796718287	101.070191524620	101.891274363080	105.335663029066	103.476719755044	109.060686393539	103.601916185832	103.861248427882
87.0824972990589	81.9366740634370	94.3746297252206	97.9191690461939	208.151685002854	94.6731786467945	87.8261686517169	90.1848423644301	93.8974726422667	100.661569165620	98.2422491251213	93.5370876538468	97.3743091589638	97.6429183356647	108.261463305703	94.7160118518951	88.8143703085227	96.7696118879731	95.8576719315560	96.1959016405974	91.3394965412202	91.0712570417774	93.6388147115185	95.9129388475098	86.1183129663858	97.3475250522070	86.2175831076060	90.7607260807723	90.1149977673532	92.3411737465173	89.8732142672898	95.1521217812281	85.7265855723591	96.3506871043872	94.0534557532562	86.9353348298374	93.2301553614750	97.9369660626265	95.6903547728908	81.3778718276439	97.4767040951059	92.3115638264944	91.1742371380618	91.3282942765703	93.2365138333638	93.5741921333721	88.6859692144625	94.7083781304331	89.4133672373028	95.8654207764972	85.5737572749507	98.1177174813671	94.1087617151852	101.376366325120	81.2339765072001	101.817292625514	95.0709402830745	94.8470308288893	92.1394974766256	92.5303174155424	83.1992972232581	92.7586569925812	95.7698614733987	89.7732229319444	90.0586710242137	100.265785196157	88.6005817860659	97.9658730781639	91.6169577984293	86.0512934366865	98.3621818271969	94.4278300065333	94.5613578631276	95.4918486977128	102.065159077619	83.8384658050749	93.2235916132599	94.6290670638872	98.7130073043759	94.8565146257108	87.6320273991503	91.6152194433904	91.3420528361274	91.8591900709502	97.5912316415808	94.8324203286131	91.5537298236862	89.6926187719814	97.0749790740850	93.5015846914578	97.1246545679663	93.3124660897752	88.2702693210409	92.4439387469308	91.4338712598598	100.716368133308	94.0265108450901	94.0658380815098	96.7918362136173	94.9905311934673
96.7147400855206	96.3815110449350	100.998411927140	106.149447256005	94.6731786467945	220.395014334378	94.0341076186616	101.508811109100	102.094771054501	106.630930565590	107.419228102666	101.151745407064	102.194436362971	107.245174789308	114.856022333787	103.868282291533	103.231470800431	105.362172148149	109.627923678470	107.205211879265	104.477123566426	101.111753121059	107.005588265808	106.586223064956	95.0654850896884	103.346368525786	95.9340468362833	100.339968340674	101.678961887644	103.991687242708	100.586768276736	101.548259257304	93.4511084639763	107.258456937022	103.915782000705	95.8077366183209	102.993475355846	107.659221042237	102.275824242912	97.0561810491639	107.905510243801	105.227463380962	99.0355260306237	98.8683750238212	102.108383501789	105.860900936359	100.681749529549	107.625731008116	98.9861906381917	104.844587788197	96.0351422520874	106.744335695630	105.571179868749	110.455353853721	89.7086748497204	109.359424583909	102.630934485994	104.650489115711	100.369342349239	100.148711849011	91.6567440559927	99.3627467528938	103.519751515568	98.0257642406425	97.6634397034612	111.245888207999	98.5765569658212	106.215177956129	101.632644264484	98.0380580565142	109.937537834639	106.575484472964	102.152888763399	99.8707427945014	113.352620743186	93.8075384362822	98.3347476578980	104.239818767319	104.148073978813	104.457379072048	96.3629824362359	98.0230727573943	98.9556755321786	101.687511976813	106.828129071561	103.237217866652	100.644940408055	99.6004377811210	106.325172091527	103.420995831051	106.060031009994	104.133819171457	97.9061571727046	101.671402391221	102.238052744316	105.481695748705	103.610369155632	105.182789781935	102.986149201237	101.046833528665
88.5979480180861	82.6596764369564	92.3570048015032	95.1571896791598	87.8261686517169	94.0341076186616	201.294200155911	89.5378879328821	88.8383784804750	96.8288422755749	91.4979410719637	89.4395929018807	90.7153985049319	96.0026552646841	106.126977520882	92.4401781343453	90.0246432604825	96.2277943348112	95.3734717659417	98.5203145687361	92.4838067648047	88.7247206275629	96.5937056824797	96.6221012594757	85.1923481420113	94.9100537700671	85.9163547190414	89.4356902917056	90.4848894304996	90.4617912282983	86.7421305067790	93.0940145845808	81.1676860736891	96.1499158565958	92.7545175507537	88.3082088744605	93.5217565044925	93.5460467429230	89.1899298501155	85.6965494702659	99.6434782005742	92.0464796123236	88.5646934124180	89.5089385206933	93.4792408058893	91.3578050749808	88.2502415866388	93.7862723190163	83.9418712331433	91.8898209410914	91.1098847424276	97.6513886224028	95.9807790831583	99.5736177178659	82.6163010970596	97.5194024383336	97.0729065911658	94.7431460870474	92.0732960537394	90.7159283387062	84.1228936061916	90.4106759957661	94.9728708990791	87.9064666183562	89.4662617377928	96.5108643901209	87.0823499198486	94.7352441349719	93.9056484997994	89.6951453263518	93.6201048929566	93.3590722381057	94.6821130415480	90.1633959443713	99.9944767257567	83.0436231830848	92.9529157865932	89.8418923037077	94.5919087145147	93.3365525269628	85.4622329882535	87.2991126029128	87.1946595379087	88.9291398938488	93.4614942961462	95.5141380195646	94.0170966678070	88.5712740507758	98.6627163181200	94.5068984006664	95.2755011954569	96.2427090866131	90.3048102121901	93.4759547599166	90.1849299514770	94.9724697654754	94.2769654824416	96.3225900654803	96.4548380581685	89.8598542112890
93.4742690024777	91.3414821149825	95.6733638193188	102.134520205792	90.1848423644301	101.508811109100	89.5378879328821	217.240107192930	98.1453656143417	102.219985595908	102.919883834023	93.8284234995786	97.1180837440288	101.697552134691	109.713129406742	101.198452258095	94.0382528062406	103.279406235388	100.961404185771	99.4825969688060	95.7319354479828	96.8076744872483	100.412582587736	102.257323491047	86.5736205167704	101.178484463775	94.0846489229980	96.2446283279049	98.6583091657257	101.485494709806	96.8314941553883	99.7721267983760	88.9539670842142	98.0847217387839	98.1359840513769	94.3835897998548	96.5602491391660	103.420249776198	92.7775739570285	94.9198631816201	104.134713296450	102.462706313283	93.9351028392913	96.9596860827909	97.7070513541097	101.567552989588	93.7265593328479	101.325888284956	92.5019692547166	102.652043229501	92.3214963085514	101.095131502601	102.128518373580	107.531452771926	87.0446219136097	104.758415229377	99.8161670398955	99.3670895054121	97.3960585453577	98.0022422415390	90.7864342758630	98.0428489977150	98.1808851807966	94.4111885239493	94.7816053777455	110.128517913202	94.4627541608382	105.871428632046	99.0855281400781	93.7824641823264	101.181236201096	101.917219724662	99.1647373333206	95.0477895666351	107.853113767215	91.4345305272459	94.9735987457941	99.3284370441655	103.154006653606	99.2065637265976	96.1522453220178	90.4493706459110	90.9376927522501	96.4085329216425	99.6810020428499	97.1854320437012	99.4992519586911	93.1988825741077	102.892774484937	100.003548605087	101.746051530305	101.067529873005	92.2221965796610	97.2010385733894	95.1895694115526	101.603706827864	98.7686023883522	102.618373283891	97.9475746233766	98.3985207206579
95.0537019700393	90.3248477440074	96.4259326062460	101.211483007342	93.8974726422667	102.094771054501	88.8383784804750	98.1453656143417	210.325481346216	103.122989529976	102.540869863515	98.3247036691648	96.5843825914904	103.422930143264	106.301043544398	97.4616105936455	93.7959740050796	100.767827854752	103.706978493388	102.348074942286	97.9310941640496	93.4061427620292	100.637671698646	100.590068050535	87.8736503819228	101.742474791188	89.7613899531324	97.6324361084717	94.1840654335045	98.1472205046139	93.6429877633656	98.3068623131238	89.2696099583800	102.244164154556	99.2428741709400	92.2860713467088	98.8176890157526	98.4959635586594	97.2523384000983	90.2529700662741	102.022607830489	99.4974686233917	94.5880423310862	93.5463379141759	98.7097642188405	96.8803226845055	91.7186876349511	100.915122083144	95.6133450016592	100.097726425794	89.5107434008083	104.321184771620	100.560750869917	103.240674502130	85.9920757091163	103.505970817329	98.2819010618392	98.0124840514229	97.2043149289684	98.5698353985676	90.8616962154603	94.9738417570809	97.8585200898560	94.7023707309201	94.4743270730880	107.082371407228	93.6366881340417	100.708538181915	98.8462036597620	92.4604194334989	103.263658905152	99.0935654484952	95.8505268699143	93.3223733772987	109.194988487406	89.6353310872804	93.6822266142788	97.5240945734196	103.918630624661	99.2316733077626	91.4908501049610	92.7466491136811	93.5832490139889	96.3468808330440	100.417933791553	97.9241082183839	98.6980378887617	95.4727985812002	98.6826870471407	98.6206927390866	98.2149794083352	99.4136970384688	93.7714268756002	97.2662849279482	97.1654963434433	104.754069368681	100.102663578026	99.7825981065440	97.2635529882329	100.535163032693
100.993524461435	96.3813077296087	102.524465827196	108.147950836256	100.661569165620	106.630930565590	96.8288422755749	102.219985595908	103.122989529976	228.515692232119	111.018493008451	103.778250785588	103.445114208743	108.311535498627	117.611618091473	106.393843556076	101.222815065851	105.543069680950	110.465370957756	109.477055950642	102.107795116437	100.392111833799	107.539954745696	109.566225946432	96.4962304041713	108.090357533225	99.5116437550938	102.843950214495	99.7922844458792	103.605638960789	102.784598996784	105.576958441881	94.6070303947355	111.215050869564	105.516252080146	96.6176898682486	106.041553605099	106.132908722175	104.902969060875	90.8222741676339	110.697542925867	104.410300296847	101.482379631391	102.229536456719	106.267850612394	103.729690766945	101.982329331253	103.878577233238	95.4392709782388	105.927908132751	101.176966732455	108.180382604391	108.464876358936	111.596355745177	92.9705927628395	111.314685429934	104.659573958832	107.246704230702	103.961665158142	101.682578864289	93.3408961848150	99.5551233837088	105.776193136127	99.3714201344695	102.067280503357	108.294092070096	100.381666969135	109.202254895024	105.216751248302	98.8522980868919	108.632885734619	105.640064831798	106.108120853262	104.429563418040	111.068775478110	95.9331507637839	104.194180787135	105.571508183474	110.227789529992	107.256291747350	99.7550032622045	103.497642855928	101.805646870575	102.969670186446	106.197979677693	107.832921648886	104.641081761296	100.583349346256	110.478876094276	106.400016922999	106.804598611380	106.272461842963	99.9179298988470	102.824730706360	100.106795127050	108.825702169305	102.915338718457	107.175548291991	108.629798371299	108.939610435392
99.9515216938067	96.3705190505339	101.621759213186	102.468241893925	98.2422491251213	107.419228102666	91.4979410719637	102.919883834023	102.540869863515	111.018493008451	222.124122823753	99.4467027098841	103.198083922137	106.705285306531	116.190374909996	103.330288201690	100.275425083876	104.686790813296	108.596973831664	103.990458910764	103.565375796650	102.079664481946	108.388303174164	105.580636003073	94.3565115594559	104.966144224300	97.6676921146663	99.8355029367769	101.441892964138	106.145374712289	97.1831695060745	102.914553010332	96.1495032078542	104.985046838910	103.780487812716	97.3782637289842	103.621810348534	108.358878573214	103.184455295250	95.2490175712068	106.597550570475	102.584678569499	98.4989138656809	97.6971603028261	104.947084444265	105.323270637139	98.9523799065352	103.296153177319	97.3993335661848	102.764978125742	97.1175112738608	109.260911000537	107.238694518133	110.180780180173	91.4625173548047	109.150949585379	101.597844686374	106.026585519412	103.334603326300	102.058403311063	92.0086546797782	101.794048091983	104.734486887589	98.3787812182838	103.452129252626	110.054749603211	98.6011123338207	109.954861330458	103.372816202899	97.7301952374888	104.965352671245	106.585703618401	103.383106203507	99.5101352489540	110.499308259125	89.6271246754470	98.5075261023213	105.532033953444	107.428096180983	104.091755024917	98.0204786167273	100.909692201557	99.3118173275116	103.222375362509	104.357135375743	106.593932711272	104.348502196524	96.9236233156909	103.261597704193	105.220408461670	106.677803613576	106.447584676123	99.7625622545244	102.885326172693	101.796371796115	107.606967069060	102.405526074622	108.620991415106	108.094382368196	105.061090994889
91.4000991841324	88.3928264452668	93.6341682831962	103.573126643956	93.5370876538468	101.151745407064	89.4395929018807	93.8284234995786	98.3247036691648	103.778250785588	99.4467027098841	213.597367301720	97.0517983945653	98.8476276408920	105.737741693742	94.8516687866297	93.6865776237001	100.401129264603	101.055700730602	100.604266029791	99.0510556449280	95.3018276679360	100.515045757285	100.819533321480	90.9059844622850	100.810718587839	91.2325851529435	95.4187301118787	96.5422643034041	98.9740543861065	92.5720813490042	98.1251009640246	86.3989275954859	100.364144798019	98.5787503343712	89.5368499792820	98.3343230516684	99.4857843661757	96.7662683821786	88.0056258517909	102.364950850171	97.8477278405220	93.7387922653015	93.2683648103661	99.1042502847644	98.5352725440208	93.8149375813955	98.0217955560360	92.0258823774872	97.4830630146111	93.7343169096294	101.755511516214	99.6750038331174	105.359839999458	84.4621129170295	104.775629401030	98.2897218419624	99.6931627800746	95.5531017936012	97.4792262010576	85.0145211334401	96.4649129026391	97.0358484190455	93.2636287194249	89.8957278966520	103.433312427623	91.8923519474183	104.890247812916	97.6628637907869	94.0894052288725	98.8578907875606	97.0506972544481	95.4106633780699	96.4991424671554	104.713602477605	89.8577782775774	94.7186424401592	98.9261391549319	101.984172319836	96.6624400955396	90.3017990351459	93.5413411471590	91.8580365288220	96.0269209583742	98.2307252868444	101.916539593677	96.9417684098165	93.3353399668257	102.315561952801	101.235418371626	96.7644764493219	98.0114982684337	92.5339978395792	97.3954870951816	94.9059736559054	101.723098931535	95.6210261043014	95.5989886724944	99.3457805336931	97.0208466691089
97.1876886813750	87.5320330122928	96.4665082086759	103.729769616952	97.3743091589638	102.194436362971	90.7153985049319	97.1180837440288	96.5843825914904	103.445114208743	103.198083922137	97.0517983945653	213.051168842612	102.360313696410	112.795430245594	99.7352391647667	93.8940100625319	99.3240133192823	102.697949502745	100.230193529854	94.5584190338252	96.3574923834911	101.281030169929	102.355599577171	88.1762434190386	100.576639685333	91.6024064164706	95.9288925624542	96.4175095187956	100.760792821667	93.2493276706591	100.993563886779	88.1203915168845	100.257590880267	99.0631923815892	92.4201332728805	95.5969526745418	102.227941068275	100.213125410245	89.9933539756987	101.387578122932	97.8332649177753	96.1344253403330	94.9022272581238	100.338431094996	100.472972788766	93.6762205991289	98.6713944400805	95.2750531052583	97.4211206896214	92.7655910348278	101.423396120163	99.1900528990384	104.412874583230	84.2008312562082	104.442663013929	102.025930462343	99.9061352572094	96.4400257030865	97.4412749562504	89.1725764801632	99.0196534972336	97.3576029969557	98.0169704592232	93.0142022040535	105.418906042372	92.9825727042083	102.033419769714	96.3820793541324	91.2600969100508	101.612696283833	101.681803410921	98.0763543128552	95.8331924823095	105.277942922162	89.6483588209351	95.6922762356619	99.3539570005247	101.241330456896	101.267745002358	91.0197397784148	93.6608120981200	94.9349912150473	95.9768338004472	102.014358026196	99.7663129667713	95.7495496198726	95.4149023338622	102.196376635787	96.7789527167476	100.855001803132	99.1715990405945	96.2193172970593	95.3655627431145	96.7675671812102	102.728702271595	97.8986325435646	99.9594760319578	99.7574517850107	100.740777923327
99.2186099327104	95.5318328553136	99.7880431600406	104.190399844360	97.6429183356647	107.245174789308	96.0026552646841	101.697552134691	103.422930143264	108.311535498627	106.705285306531	98.8476276408920	102.360313696410	222.616305966314	113.092733880377	104.533927172659	101.339681830434	101.583420335117	106.290216959095	107.652500458696	102.175076740582	100.905443501418	103.844399909244	104.871369356349	93.3908727697537	106.270086820649	95.4419390568374	102.480293501497	97.7808109894237	101.673031861481	100.370129160971	103.443416945492	91.0169234267397	103.000990404429	102.416273247818	94.8253096396879	103.578544136892	107.323200022935	102.459639351275	96.0927592318035	107.853935014002	107.866700151882	100.378418479262	98.5046419602788	102.523231873926	100.286418366255	99.3957672441842	105.630833130395	95.6036406421575	106.631068715886	97.2851894537730	106.972726254584	104.045304876795	110.710319066947	93.0765682036337	109.874432681307	101.724950601220	102.712437910450	100.048091894658	103.462467402284	93.3560189937903	99.0777177742114	106.518930342555	99.8196859786104	99.0412469634092	109.400761474944	97.4031257170111	105.534256049302	102.425503752697	101.773658634706	106.274410475805	102.891176601256	104.355107085735	101.375246761029	111.511580584543	93.3535805821644	101.707105217522	101.919158334846	104.684807867508	105.385662886299	94.6884703775971	100.467440199135	100.625583964523	99.6146007198539	106.346638372587	102.979625156019	102.673005372045	99.7847805309003	106.789605871947	103.425733515780	106.743025984686	105.055021445196	100.295302006062	102.553242537169	98.8230868839018	106.501079431482	104.851550866645	106.410728066333	107.501749222918	105.765627281353
105.773935945979	98.6472835988500	109.871838546938	116.745239408298	108.261463305703	114.856022333787	106.126977520882	109.713129406742	106.301043544398	117.611618091473	116.190374909996	105.737741693742	112.795430245594	113.092733880377	240.135923177580	112.155628463991	106.747532388415	117.041305043330	114.733776971586	113.364388209837	110.498713173429	105.939034897746	115.385854286809	112.423074638238	98.9220813826174	109.311097162125	101.690922041239	108.611536308593	112.293374736149	111.047109220458	106.802582142670	111.791453885225	100.649803235209	114.960341785681	112.933742948982	105.705165982985	108.343135649643	113.005092181896	109.972562130844	100.966799952524	117.080752313556	107.979161480411	104.658135994422	107.660723960819	111.532813903666	110.717967451794	104.001082999096	114.470182557679	100.118734063276	111.599445347157	105.612299486566	115.281958890778	115.045633484162	120.177507206470	98.7056146164292	118.897564642899	114.578827717577	116.190267072393	107.981553625429	105.741059634269	101.289904091912	109.153931232994	110.816234517671	107.356034969228	107.817135163421	117.340346821798	103.753223006762	115.760730136560	110.348692322861	104.111949337684	113.471380331033	114.037540104581	112.989038897279	107.574327144585	122.853870251302	96.6356914113276	108.872542463034	113.214484341365	114.696603927149	112.163997579707	104.260837404071	105.997765180064	105.816050385993	107.691159876271	113.086731052904	111.331454473833	110.058678079070	104.989080892688	114.765327945330	111.155926779245	113.006171939629	112.991620592562	106.789776366684	107.149738505734	107.428901758206	117.709966235095	111.065690415636	116.575171054445	111.891848321761	111.729170959032
97.5237292620776	91.8127875151999	94.9240322131102	99.7186556715777	94.7160118518951	103.868282291533	92.4401781343453	101.198452258095	97.4616105936455	106.393843556076	103.330288201690	94.8516687866297	99.7352391647667	104.533927172659	112.155628463991	217.559718785960	97.0936633387165	101.067616102400	104.959521356940	103.748887663731	98.8664786866830	96.4858106515331	102.316900290844	104.947818728139	91.4356136928853	100.980151016446	92.3122481394946	98.2128988245374	100.893397027304	100.462382940838	95.8610482293236	100.430014095858	91.3862256634860	103.220808134299	99.9367964322622	92.8892786033543	97.6229066804727	106.148744919420	98.4119365840019	91.9600661732168	104.286499122913	100.536018133594	97.9697970451312	99.0507428767982	99.9115186154520	101.332499915490	96.6571758102199	106.437465682351	91.6402953361518	99.5409359701708	97.1655609798272	104.226896112934	102.910411595145	108.205532823870	86.9243691803538	109.038999129368	100.592233754234	102.070167782971	97.6585355654892	100.303717850132	92.7645080616872	97.4681437402919	99.9342427938342	95.0935563824227	96.6343149372619	111.369377620914	96.0512067249930	99.7283262582493	98.8004893231468	95.1976183935677	101.969263716520	102.230161030241	100.532426246413	101.478013145882	107.654702181104	92.6665056654526	98.3432962522266	102.821600413406	104.698648091433	100.909046539440	93.0525750999325	95.6139397300834	95.7468311802397	95.0182373647587	102.198311162586	102.948779782187	98.7306210635752	95.1245889166177	106.982644409696	101.565028537905	103.835940581522	103.329992321441	98.0777908637049	96.9365788283559	98.1757818965974	100.835454936281	99.5878463163735	102.190035435010	102.398913665550	101.366694856045
90.5699200776843	92.4009817923399	95.7271321190066	97.5563493246485	88.8143703085227	103.231470800431	90.0246432604825	94.0382528062406	93.7959740050796	101.222815065851	100.275425083876	93.6865776237001	93.8940100625319	101.339681830434	106.747532388415	97.0936633387165	211.265436585842	97.4059430205932	103.714846334616	101.725687462614	96.4990754948821	97.1900493336203	99.0851411303153	97.4001487075837	86.6680307943460	98.6464158627561	92.9917285990162	94.9243232415430	94.4083929754047	98.4028845069846	93.6407731545307	99.0888674864072	88.6128179604873	99.7637273643444	98.0407748941225	88.8098747952336	99.5622719974284	105.826608134442	95.2676763540081	94.1980472800939	102.441156390081	98.5193231664172	91.8935656895244	92.3113382590777	95.9904944440335	97.1403443304437	95.4981122176457	97.0349264185773	89.3697653172271	96.9971354041074	92.1237193188479	100.329492351050	100.701045779360	106.567716739721	85.7469005174543	102.437580974254	97.9472355769100	100.224117919476	98.4976851126627	95.9021524046216	90.0663543595841	95.7768967339572	99.9968071521155	92.7234255345017	93.2825126606900	102.147905592944	95.2021412668079	101.627693602376	95.9519397186561	96.2963701626904	100.056554584463	101.390654741288	97.4768168481608	95.5325566911339	104.607321067756	89.4970196366469	94.6379341778403	95.8849501558332	99.9191853864198	101.216350813743	90.9657240639402	93.8264485638390	92.7117845659485	95.6031248900171	100.481117271302	99.1031830936148	98.9108980400210	95.8753593072385	99.0538577323026	98.3192301331944	100.296545727909	101.967572182253	92.6635068508469	97.0372099354364	94.7018255136104	101.921697532224	95.9348110826559	98.9917058380458	98.3114508878482	98.2130468091946
95.5250740739356	92.7152789805141	102.011484561194	107.967225560951	96.7696118879731	105.362172148149	96.2277943348112	103.279406235388	100.767827854752	105.543069680950	104.686790813296	100.401129264603	99.3240133192823	101.583420335117	117.041305043330	101.067616102400	97.4059430205932	223.204222670172	105.827798463309	103.483552939958	100.536960908816	101.203263936465	106.828366985863	106.542669697686	91.6834434715346	104.096693254640	93.7363161851366	99.9055173601562	104.860541036366	108.819753863956	98.0914310080790	103.130676105051	90.5749005475345	106.814769874702	105.647785699035	95.7903741589225	104.085052899137	101.601611909567	99.7884235269563	97.0840149528218	105.123384397450	100.242941754965	101.381618879759	99.4619525729182	104.715119541689	103.534265840989	93.9872932005656	102.956271998369	95.5091802519481	106.543196724758	97.8284247821334	107.887418912617	106.820756613291	108.519101751116	89.5166846716112	107.904810499669	103.745651854826	106.923210708160	105.298622334648	101.650394591108	93.5051604010426	99.5750946826440	101.532344408391	98.2052053200225	97.8117327972467	110.580449050999	96.5252685368619	106.508813457480	103.351304598254	96.0071630434748	103.926683629356	106.190433418683	102.380494045634	96.9391876484547	111.919787751297	93.9384241656302	100.073501048190	101.389300906470	108.004626364367	102.649547140662	95.3205089718043	96.2854875152694	92.9589023487562	101.918210462189	105.570713292619	104.324052291838	104.973139262868	94.9719554526196	106.459089279566	103.581947605975	106.086639512065	106.890100757378	95.3403794502998	103.453306724680	97.6609411056663	103.849286816545	100.817911883153	105.649485849288	102.789645505226	101.059338313202
98.8056728093772	99.5581985588204	104.922671954677	105.926729398987	95.8576719315560	109.627923678470	95.3734717659417	100.961404185771	103.706978493388	110.465370957756	108.596973831664	101.055700730602	102.697949502745	106.290216959095	114.733776971586	104.959521356940	103.714846334616	105.827798463309	226.673164174747	109.940718713327	103.640139737961	104.322230118437	107.107371423604	107.839127720820	95.7471072905236	105.731255562949	98.6799633900932	103.150884247109	101.425727401882	106.799288264133	103.477322850897	106.195920175460	94.6485374287702	107.378881234726	105.967177417689	97.6238838124303	107.661218804016	109.317274364586	105.775325984946	98.8875058424364	110.940255032353	104.486414480181	102.984676177589	102.119657129463	105.216956156658	104.733385470582	99.6138390607145	109.279316815584	95.1351773820835	104.474249693900	99.8193365301153	106.404912512860	107.158412624923	110.343020111941	89.0122224470215	113.924337435952	104.648030137609	104.247499928723	103.876803763457	102.375970131709	96.3492479702815	98.6846143798564	103.772082380969	99.2596040911673	99.4046963630251	115.046975231450	103.312856523521	110.880945017411	104.055692362448	100.685857007967	109.233504675099	107.208606986657	101.689398865448	101.231642687029	113.364261150158	93.0222060422769	100.953527518313	108.187959036603	108.874690299779	108.421239131460	92.7838248431850	104.080826664623	100.476298221439	101.808982509910	107.119405283721	105.282155503684	103.791985337087	98.1371358170170	106.616063194419	106.701575808896	105.501532716265	107.243456526992	103.519294148019	101.481353510447	105.322206562919	102.931460343752	104.760171410185	109.512190023032	108.554136772740	108.361829351749
98.5941445039394	94.0183087110038	101.654344068246	107.313295993597	96.1959016405974	107.205211879265	98.5203145687361	99.4825969688060	102.348074942286	109.477055950642	103.990458910764	100.604266029791	100.230193529854	107.652500458696	113.364388209837	103.748887663731	101.725687462614	103.483552939958	109.940718713327	227.350780330285	102.772604670496	101.108744452619	101.149487465180	103.536732189534	92.2663310926001	104.446687402050	90.4366119946646	101.500771492578	99.2037809440244	102.093125133829	99.0814291971325	104.565460700791	93.3765468164421	104.803209661857	102.315832818228	99.4761778342263	106.556755913047	104.518890541372	102.263095676623	95.5723328923120	108.647714585007	102.410249279608	99.9401553243093	98.6481580583268	102.190862750769	102.017416201963	96.7322037227697	108.081083471424	94.0909571431692	99.8619148953611	96.8574427390330	104.806129569570	105.551122011010	109.246405734060	86.4542441825285	110.991061884625	103.195984040345	102.161678537552	100.183143966446	101.262571401257	95.7638574149997	95.4402508199771	105.827642140315	97.4084502373064	98.8066958566876	114.225422996772	99.9120104902743	106.175341551071	100.926298941974	98.9805018237239	108.382459253220	103.673315257530	101.006009465736	98.6069695741155	110.003942709764	94.5379901990637	99.0700492358652	105.823197895011	109.370610606520	100.697511564489	93.9992610382305	95.1546995475663	98.4202701997323	100.494340677036	106.578797524305	105.987616816833	103.221164467978	98.9878773255415	108.379789603214	104.698606928485	106.699021578550	102.347129142100	100.561410633697	99.9617783228948	101.284494408178	105.841555925077	103.961268113069	107.258876491176	104.110697124226	105.143101399350
92.9020903316285	94.4075684362218	99.9139174058856	102.276124065288	91.3394965412202	104.477123566426	92.4838067648047	95.7319354479828	97.9310941640496	102.107795116437	103.565375796650	99.0510556449280	94.5584190338252	102.175076740582	110.498713173429	98.8664786866830	96.4990754948821	100.536960908816	103.640139737961	102.772604670496	215.189936081522	98.5912689780177	102.360238107950	100.079617897761	92.2100243758635	103.061321720968	91.0853728171156	95.8691209214604	101.719318284454	97.6108307792187	94.2901134688553	99.8686193342979	89.1904335278087	99.6036419207881	95.6259958504026	92.7904839598769	102.576514583715	101.319108544403	96.9138670040597	91.9697315153648	104.731441321045	101.951491269931	96.3807255584407	92.8885643072952	98.2302068233060	101.148031755876	96.8669189821997	104.365908096706	91.1219755196568	99.3625599762603	95.8146813167315	104.437690464958	102.924522904444	108.313878188291	88.9503653305999	106.378120062678	98.7326428030908	103.528432651291	95.4404625130452	96.2199621154201	89.7728836208976	97.8986574510234	100.764807193897	94.2844104770721	95.5329882466179	104.691351363654	92.6095838546889	103.449750385503	100.016012414215	98.4211166982542	102.054788253718	99.7134801427496	102.159345591824	95.4606611461735	106.840577337331	91.2683015046410	98.7845179848797	101.424343546126	100.158640859587	99.7108084367646	92.0504812908216	97.6970090426106	93.5602894943478	96.1338816827991	100.555725984205	101.511073056178	98.6136704993807	92.5070257917027	103.452016900938	100.425946953773	102.128590783117	101.378062408982	95.4948015276680	99.9027266672308	98.5977774788593	103.812161979577	99.1870779070721	103.586303454858	99.9796849149570	102.446899292968
89.6164922268856	90.4992207012402	96.2883367156210	99.0500289679187	91.0712570417774	101.111753121059	88.7247206275629	96.8076744872483	93.4061427620292	100.392111833799	102.079664481946	95.3018276679360	96.3574923834911	100.905443501418	105.939034897746	96.4858106515331	97.1900493336203	101.203263936465	104.322230118437	101.108744452619	98.5912689780177	212.012700728836	100.920020290479	98.1843537100705	89.0543402203473	100.552776528497	91.5174055099787	96.6022862349059	97.8431185960076	98.7709622759030	96.6507854793940	97.8283081123121	89.1470940211703	98.6015378142130	94.2860255185898	92.3945010507905	100.283882637204	105.393475854552	95.1372619349112	91.3350103643124	102.185637433569	99.5810653877829	94.2859275119541	94.4156582903131	95.2720364535762	99.3700056333682	94.7488639753976	100.998152041284	90.0372026114819	96.5863282875757	92.4874442780668	98.6501127860510	99.8923043105019	104.358584855266	84.5014615586146	106.427611115145	97.4321054593920	100.019459836206	95.9910674947880	97.7401285875436	89.1073979753731	93.2355341175521	97.9471103941534	90.5187302527690	93.3738065201670	102.220925067579	92.7253597647694	107.180279923871	97.3946195915360	95.4239582820958	100.528987810744	101.140363776778	95.2230216196757	94.2352236000684	103.877122270051	87.8023256111378	96.0115054658565	97.6179116795238	100.617006744609	95.3594024037406	89.8899549471749	94.0857434769702	90.3004659200628	96.9054007089734	100.385377359770	99.1211175950087	97.2877106611574	89.9415040132250	99.4686332092371	97.5834735619898	101.078042975299	95.3267512343351	91.8017461808715	97.8025702122815	97.0566407751165	96.4925747644699	94.1716726035457	100.679984829817	98.9304216246062	97.7470043111730
97.5847485751559	96.6840246337152	97.2976618957059	103.071473876097	93.6388147115185	107.005588265808	96.5937056824797	100.412582587736	100.637671698646	107.539954745696	108.388303174164	100.515045757285	101.281030169929	103.844399909244	115.385854286809	102.316900290844	99.0851411303153	106.828366985863	107.107371423604	101.149487465180	102.360238107950	100.920020290479	220.087761540664	104.564150564466	94.7331185306243	105.333704634274	95.1367120418308	102.355339762867	101.277943658623	103.386838439662	95.2529515580707	103.737583614078	89.7935663406654	107.253068735563	103.524911783061	92.8270742465116	100.005638489931	105.389046907781	101.037015007763	94.1586730790725	104.681000991596	104.169519507951	97.7122767999296	95.5690300112972	100.657582600536	104.020751141922	98.1873448253849	104.736803442218	97.6423764356945	103.448561102255	95.3478178706724	108.919919921669	108.707993387974	109.668224550699	91.3281307817145	108.750347435119	104.847849646051	105.125058850006	99.6305389234878	100.626637030413	90.6977074052645	100.874878313920	103.895779838941	97.5060248730967	99.5952549761679	107.166984622590	96.9879748138858	103.804679527453	101.591753339566	98.4612554463967	102.267111633591	105.493622709590	102.505413660518	97.5763982866560	109.541388418541	90.3308937170732	97.8085376931112	103.207070043372	103.862058399183	101.319577736356	93.8198777835172	97.0321834746251	96.3444603757171	102.021074092026	104.062345242561	103.815975155939	98.8358301034062	94.2226919179244	106.923763178601	106.061073144469	104.877151701806	104.379580412880	99.8326788927230	103.429245756316	97.4037328934247	106.506474986265	101.272223182806	108.621943823267	105.265831650550	101.856224713640
